36	13
235.054 	 56.33 	0.0
195.631 	 108.253 	0.0
205.054 	 149.984 	0.0
233.131 	 118.83 	0.0
263.131 	 149.984 	0.0
272.554 	 108.253 	0.0
136.016 	 84.215 	0.0
119.67 	 137.099 	0.0
139.862 	 164.022 	0.0
175.439 	 183.253 	0.0
74.477 	 117.868 	0.0
84.093 	 210.176 	0.0
111.977 	 240.945 	0.0
38.9 	 206.33 	0.0
61.496 	 251.522 	0.0
140.823 	 295.753 	0.0
121.593 	 364.984 	0.0
178.323 	 357.292 	0.0
235.054 	 333.253 	0.0
290.823 	 357.292 	0.0
346.593 	 364.984 	0.0
327.362 	 295.753 	0.0
406.689 	 251.522 	0.0
429.285 	 206.33 	0.0
384.093 	 210.176 	0.0
356.208 	 240.945 	0.0
393.708 	 117.868 	0.0
348.516 	 137.099 	0.0
328.323 	 164.022 	0.0
332.17 	 84.215 	0.0
292.746 	 183.253 	0.0
188.9 	 278.445 	0.0
200.246 	 223.945 	0.0
234.093 	 182.292 	0.0
267.939 	 223.945 	0.0
279.285 	 278.445 	0.0
6 	1 	2 	3 	4 	5 	6 	
6 	2 	7 	8 	9 	10 	3 	
5 	8 	11 	12 	13 	9 	
5 	12 	14 	15 	16 	13 	
4 	16 	17 	18 	19 	
4 	19 	20 	21 	22 	
5 	22 	23 	24 	25 	26 	
5 	25 	27 	28 	29 	26 	
6 	28 	30 	6 	5 	31 	29 	
7 	16 	19 	32 	33 	10 	9 	13 	
8 	3 	10 	33 	34 	35 	31 	5 	4 	
7 	29 	31 	35 	36 	19 	22 	26 	
6 	32 	19 	36 	35 	34 	33 	
