===========================================
Sec 1: DX tile defined on honeycomb lattice
Edge 1: 31bp, 2: 42bp , 3: 52bp, 4: 63bp
Staple cutting: max
===========================================

                              |=========================================================================================================================================================================|
                              |=========|==================== TOTAL LENGTH ==================|======== STAPLE =======|===== SEED ====|== STRAND RATIO =|= NU RATIO=|= PARA=|=== CROSSOVER ===|=UNPAIRED=|
                               Sec| Edge| L_Scaf| L_Stap|   L_BP|L_Beveled(ratio)| MaxE| MinE| nStap| Min| Max|   ave| 14nt| S14| 4nt| 14nt|  S14|  4nt| 14nt|  4nt| p1| p2| scaf|  stap| one| scaf| stap
----------------------------  ----|-----|-------|-------|-------|----------------|-----|-----|------|----|----|------|-----|----|----|-----|-----|-----|-----|-----|---|---|-----|------|----|-----|----|
 1.              Plate_Cross,    1|    2|   5782|   6098|   5544|    344( 6.205%)|   63|   42|   138|  20|  58| 44.19|   94|  30|   7| .681| .217| .051| .363| .005|  0|  0|   64|   192|   0|  238|  554
 2.                Honeycomb,    1|    2|   6163|   6696|   5976|    456( 7.631%)|   63|   42|   144|  20|  59| 46.50|  115|  24|  36| .799| .167| .250| .362| .022|  0|  0|   74|   190|   0|  187|  720
 3.                    Wheel,    1|    2|   2467|   2538|   2330|    180( 7.725%)|   66|   42|    57|  27|  58| 44.53|   55|   6|  10| .965| .105| .175| .426| .016|  0|  0|   20|    80|   0|  137|  208
 4.                   Circle,    1|   84|   8581|   8878|   8390|    372( 4.434%)|  117|   84|   201|  22|  59| 44.17|  156|  41|   9| .776| .204| .045| .424| .004|  0|  0|   48|   312|   0|  191|  488
 5.                  Ellipse,    1|   27|   7014|   7062|   6536|   1102(16.860%)|   75|   38|   152|  21|  60| 46.46|  142|  47|   1| .934| .309| .007| .517| .001|  0|  0|   72|   170|   0|  478|  526
 6.            Rhombic_Tiles,    1|    2|   2743|   2940|   2688|    180( 6.696%)|   56|   42|    67|  28|  72| 43.88|   46|   8|   0| .687| .119| .000| .329| .000|  0|  0|   24|    96|   0|   55|  252
 7.                  L_Shape,    1|    2|   2879|   3127|   2863|    190( 6.636%)|   54|   42|    69|  20|  65| 45.32|   57|  17|   5| .826| .246| .072| .412| .006|  0|  0|   24|   104|   0|   16|  264
 8.                    Cross,    1|    2|   4632|   5050|   4602|    256( 5.563%)|   54|   42|   110|  20|  65| 45.91|   90|  22|   4| .818| .200| .036| .387| .003|  0|  0|   40|   168|   0|   30|  448
 9.           Quarter_Circle,    1|    2|   5030|   5090|   4847|    404( 8.335%)|  135|   50|   117|  22|  60| 43.50|  105|  19|   5| .897| .162| .043| .482| .004|  0|  1|   24|   172|   0|  183|  243
10.                     Disk,    1|   35|   6312|   6418|   5980|    400( 6.689%)|  116|   38|   147|  26|  76| 43.66|  127|  13|   6| .864| .088| .041| .402| .004|  0|  0|   42|   216|   0|  332|  438
11.              Cairo_Penta,    1|    2|   5900|   5960|   5592|    192( 3.433%)|   67|   42|   133|  22|  60| 44.81|  120|  27|   1| .902| .203| .008| .507| .001|  0|  0|   32|   172|   0|  308|  368
12.          Prismatic_Penta,    1|    2|   4709|   4919|   4574|    160( 3.498%)|   88|   42|   109|  20|  77| 45.13|   83|  21|  11| .761| .193| .101| .391| .009|  0|  0|   28|   168|   0|  135|  345
13.           Hexagonal_Mesh,    1|    2|   4308|   4538|   4223|    128( 3.031%)|   49|   42|    98|  32|  72| 46.31|   76|   1|   0| .776| .010| .000| .303| .000|  0|  0|   24|   172|   0|   85|  315
14.              Hepta_Penta,    1|    2|   4884|   5008|   4766|    148( 3.105%)|   70|   42|   103|  37|  77| 48.62|   73|   0|   0| .709| .000| .000| .306| .000|  0|  0|   16|   204|   0|  118|  242
15.                    Lotus,    1|   36|   7043|   7115|   6749|    846(12.535%)|  123|   41|   158|  23|  78| 45.03|  142|  35|   3| .899| .222| .019| .490| .002|  0|  0|   26|   234|   0|  294|  366
16.          4_Sided_Polygon,    1|   84|   1756|   1828|   1736|    128( 7.373%)|  149|   84|    42|  26|  58| 43.52|   33|   7|   0| .786| .167| .000| .447| .000|  0|  0|    8|    64|   0|   20|   92
17.          5_Sided_Polygon,    1|   84|   1986|   2060|   1940|    130( 6.701%)|  124|   84|    48|  26|  58| 42.92|   35|  10|   0| .729| .208| .000| .427| .000|  0|  0|   10|    70|   0|   46|  120
18.          6_Sided_Polygon,    1|   84|   2185|   2262|   2142|    132( 6.162%)|  105|   84|    51|  26|  58| 44.35|   36|   6|   6| .706| .118| .118| .363| .011|  0|  0|   12|    84|   0|   43|  120
19.               Plate_Quad,    1|   84|   2119|   2211|   2112|    104( 4.924%)|   96|   84|    50|  26|  65| 44.22|   44|   4|   0| .880| .080| .000| .412| .000|  0|  0|    8|    88|   0|    7|   99
20.                Plate_Tri,    1|   84|   3538|   3596|   3427|    320( 9.338%)|  130|   92|    83|  22|  60| 43.33|   71|  10|   3| .855| .120| .036| .455| .003|  0|  0|   16|   128|   0|  111|  169
21.                Plate_Eng,    1|   84|   3152|   3289|   3120|    176( 5.641%)|  117|   84|    77|  26|  59| 42.71|   64|   4|   0| .831| .052| .000| .418| .000|  0|  0|   16|   120|   0|   32|  169
22.             L_shape_42bp,    1|    2|   2879|   3127|   2863|    190( 6.636%)|   54|   42|    69|  20|  65| 45.32|   57|  17|   5| .826| .246| .072| .412| .006|  0|  0|   24|   104|   0|   16|  264
23.             L_shape_63bp,    1|   63|   4223|   4471|   4207|    190( 4.516%)|   75|   63|   101|  37|  65| 44.27|   89|   0|   0| .881| .000| .000| .391| .000|  0|  0|   24|   168|   0|   16|  264
24.             L_shape_84bp,    1|   84|   5567|   5815|   5551|    190( 3.423%)|   96|   84|   133|  26|  65| 43.72|  109|  12|   0| .820| .090| .000| .396| .000|  0|  0|   24|   232|   0|   16|  264

Minimum staple length   : 20
Maximum staple length   : 78
